1,2400,2400,400
0,0,0,2400,20
0,0,2380,2400,20
0,0,20,20,2360
0,2380,20,20,2360
0,417,20,20,90
0,220,227,750,20
0,20,460,835,20
0,360,480,20,375
0,650,690,150,150
0,20,1385,340,20
0,360,1050,20,710
0,350,2100,150,150
0,700,700,100,100
0,1230,20,20,564
0,998,462,236,20
0,1660,315,720,20
0,1995,335,20,335
0,1230,700,20,80
0,1250,760,520,20
0,1880,920,500,20
0,2100,940,20,295
0,1680,1080,150,125
0,1760,1560,620,20
0,2098,1960,60,215
0,1925,2125,180,50
0,660,1890,1015,20
0,1105,2075,20,325
0,720,1910,20,250
0,1370,1910,20,240
0,780,1750,20,150
0,850,1520,580,20
0,850,1110,580,20
0,850,1130,20,140
0,850,1130,20,140
0,1410,1130,20,140
0,1410,1385,20,140
0,850,1385,20,140
0,1225,1540,20,170
0,600,1100,20,500
2,0,0,1200,1200,2
2,0,1200,1200,1200,2
2,1200,0,1200,1200,2
2,1200,1200,1200,1200,2
######health###########
3,945,1157,40,40,1,45,1
3,1262,1157,40,40,1,45,1
3,2200,2200,40,40,1,45,1
3,129,1438,40,40,1,45,1
######ammo###########
3,945,1457,40,40,0,45,1
3,1262,1457,40,40,0,45,1
3,466,1280,40,40,0,45,1
3,1566,1280,40,40,0,45,1
3,1233,1939,40,40,0,45,1
3,199,1438,40,40,0,45,1
3,2230,976,40,40,0,45,1
3,2268,1613,40,40,0,45,1
4,50,50
4,2050,150
4,70,2280
4,2260,2260
4,130,500