1,3200,3200,400
0,0,400,1200,20
0,2000,400,1200,20
0,1600,0,20,400
0,400,800,1000,20
0,400,800,20,800
0,1200,400,20,200
0,1400,800,20,200
0,800,1000,620,20
0,800,1000,20,1200
0,1550,1550,100,100
0,1550,1150,100,100
0,1550,1950,100,100
0,1150,1550,100,100
0,1550,1550,100,100
0,1950,1550,100,100
###################
0,990,1190,400,20
0,1390,1190,20,220
0,1390,1390,150,20
#####################
0,1790,1190,400,20
0,1790,1190,20,220
0,1660,1390,150,20
###################
0,990,1990,400,20
0,1390,1790,20,220
0,1390,1790,150,20
###################
0,1790,1990,400,20
0,1790,1790,20,220
0,1660,1790,150,20
###################
0,800,2200,600,20
0,1790,2200,620,20
##################
0,2400,1000,20,1220
0,1800,1000,600,20
0,1800,800,20,220
0,1800,800,1000,20
0,2800,800,20,800
0,2000,400,20,200
###################
2,0,0,700,300,1
2,0,300,1000,200,2
3,20,20,40,40,0,30,1,0
3,100,100,40,40,1,45,1,1
3,220,20,40,40,0,30,1
3,260,20,40,40,0,30,1
3,290,20,40,40,0,30,1
4,30,30
4, 2300, 50
4, 2300, 2300
4, 200, 2300
4, 200, 600
